00000000000000000000000000000000
00000001000000000000000000000000
00000010000000000000000000000000
00000011000000000000000000000000
00000100000000000000000000000000
00000101000000000000000000000000
00000110000000000000000000000000
00000111000000000000000000000000
00001000000000000000000000000000
00001001000000000000000000000000
00001010000000000000000000000000
00001011000000000000000000000000
00001100000000000000000000000000
00001101000000000000000000000001
00001110000000000000000000000000
00001111000000000000000000000010
00010000000000000000000101000100
00010001000000000000000000000100
00010010000000000000000000000010
00010011000000000000000000000011
00010100000000000000000000000111
00010101000000000000000000000010
00010110000000000000000000000101
00010111000000000000000000000110
00011000000000000000000000001011
00011001000000000000000000010001
00011010000000000000000000001010
00011011000000000000000000001100
00011100000000000000000000010111
00011101000000000000000000010111
00011110000000000000000000011111
00011111000000000000000000100011
00100000000000000000000000011101
00100001000000000000000000111001
00100010000000000000000000111100
00100011000000000000000001010110
00100100000000000000000001100001
00100101000000000000000001100001
00100110000000000000000001110110
00100111000000000000000010000011
00101000000000000000000001101000
00101001000000000000000001111100
00101010000000000000000001101000
00101011000000000000000001100101
00101100000000000000000001010100
00101101000000000000000001011011
00101110000000000000000001010110
00101111000000000000000000111000
00110000000000000000000001000000
00110001000000000000000001001001
00110010000000000000000001010000
00110011000000000000000001001011
00110100000000000000000001010111
00110101000000000000000001001011
00110110000000000000000001010100
00110111000000000000000001011000
00111000000000000000000001011000
00111001000000000000000001011001
00111010000000000000000001011100
00111011000000000000000001010101
00111100000000000000000001011110
00111101000000000000000001101010
00111110000000000000000001111011
00111111000000000000000001101001
01000000000000000000000001110010
01000001000000000000000001111111
01000010000000000000000001111010
01000011000000000000000010000011
01000100000000000000000010000110
01000101000000000000000010100100
01000110000000000000000010100001
01000111000000000000000010010011
01001000000000000000000010110111
01001001000000000000000010111111
01001010000000000000000010110110
01001011000000000000000011100011
01001100000000000000000011011000
01001101000000000000000011100111
01001110000000000000000011100111
01001111000000000000000100010000
01010000000000000000000100000101
01010001000000000000000100001100
01010010000000000000000100111000
01010011000000000000000101000010
01010100000000000000000101111000
01010101000000000000000101101011
01010110000000000000000110011000
01010111000000000000000110011110
01011000000000000000000111001110
01011001000000000000000111011111
01011010000000000000001000011111
01011011000000000000001001000001
01011100000000000000001001111000
01011101000000000000001010101110
01011110000000000000001011110011
01011111000000000000001101011111
01100000000000000000001101011100
01100001000000000000001110110011
01100010000000000000010001101110
01100011000000000000010011010000
01100100000000000000010100001110
01100101000000000000010110010110
01100110000000000000011001010100
01100111000000000000011010110111
01101000000000000000011100011110
01101001000000000000011111100010
01101010000000000000100001100101
01101011000000000000100010111010
01101100000000000000100100101000
01101101000000000000100110011011
01101110000000000000100110001010
01101111000000000000100101110010
01110000000000000000100110111111
01110001000000000000100101111100
01110010000000000000100010110100
01110011000000000000100010100000
01110100000000000000011111110011
01110101000000000000011111100110
01110110000000000000011101110000
01110111000000000000011010010111
01111000000000000000010111101000
01111001000000000000010100111100
01111010000000000000010010001101
01111011000000000000001111100111
01111100000000000000001110010101
01111101000000000000001011111100
01111110000000000000001010011010
01111111000000000000001000111111
10000000000000000000001000100111
10000001000000000000000111100010
10000010000000000000000101111000
10000011000000000000000101010000
10000100000000000000000100110001
10000101000000000000000011100011
10000110000000000000000011101101
10000111000000000000000010110110
10001000000000000000000010100110
10001001000000000000000010011100
10001010000000000000000010010001
10001011000000000000000010001101
10001100000000000000000001101101
10001101000000000000000010000010
10001110000000000000000001101110
10001111000000000000000001111011
10010000000000000000000001101001
10010001000000000000000001101101
10010010000000000000000001100001
10010011000000000000000001110110
10010100000000000000000010000011
10010101000000000000000001100110
10010110000000000000000001101000
10010111000000000000000001110100
10011000000000000000000001100001
10011001000000000000000001111100
10011010000000000000000001100000
10011011000000000000000001011110
10011100000000000000000001100010
10011101000000000000000001100011
10011110000000000000000001011110
10011111000000000000000001010011
10100000000000000000000001010110
10100001000000000000000001100100
10100010000000000000000001100010
10100011000000000000000001010010
10100100000000000000000001010001
10100101000000000000000001011100
10100110000000000000000001001011
10100111000000000000000001010111
10101000000000000000000001011100
10101001000000000000000001101110
10101010000000000000000001100100
10101011000000000000000001011111
10101100000000000000000001011101
10101101000000000000000001100100
10101110000000000000000001101001
10101111000000000000000001101110
10110000000000000000000001001010
10110001000000000000000001010011
10110010000000000000000001100101
10110011000000000000000001010011
10110100000000000000000001001011
10110101000000000000000001001010
10110110000000000000000001010000
10110111000000000000000001010110
10111000000000000000000001010101
10111001000000000000000001010110
10111010000000000000000001000000
10111011000000000000000001001001
10111100000000000000000001010000
10111101000000000000000001010110
10111110000000000000000001011000
10111111000000000000000001000111
11000000000000000000000001000100
11000001000000000000000000111110
11000010000000000000000001001101
11000011000000000000000000101111
11000100000000000000000000111000
11000101000000000000000000111000
11000110000000000000000000111100
11000111000000000000000000110100
11001000000000000000000000110001
11001001000000000000000000111110
11001010000000000000000000101100
11001011000000000000000000101000
11001100000000000000000000101011
11001101000000000000000000110111
11001110000000000000000000100010
11001111000000000000000000101000
11010000000000000000000000100011
11010001000000000000000000100100
11010010000000000000000000011111
11010011000000000000000000100111
11010100000000000000000000010110
11010101000000000000000000100010
11010110000000000000000000011001
11010111000000000000000000011110
11011000000000000000000000011101
11011001000000000000000000100000
11011010000000000000000000010110
11011011000000000000000000010000
11011100000000000000000000001110
11011101000000000000000000010000
11011110000000000000000000010110
11011111000000000000000000010110
11100000000000000000000000001001
11100001000000000000000000001011
11100010000000000000000000001110
11100011000000000000000000001010
11100100000000000000000000001011
11100101000000000000000000001101
11100110000000000000000000001010
11100111000000000000000000001011
11101000000000000000000000001010
11101001000000000000000000010000
11101010000000000000000000001000
11101011000000000000000010000111
11101100000000000000000000001111
11101101000000000000000000001000
11101110000000000000000000001000
11101111000000000000000000000101
11110000000000000000000000000011
11110001000000000000000000001000
11110010000000000000000000000100
11110011000000000000000000000011
11110100000000000000000000000010
11110101000000000000000000000010
11110110000000000000000000000100
11110111000000000000000000000000
11111000000000000000000000000000
11111001000000000000000000000000
11111010000000000000000000000000
11111011000000000000000000000000
11111100000000000000000000000000
11111101000000000000000000000000
11111110000000000000000000000000
11111111000000000000000000000000
