10000111110110111010110100101110
01000000000110010001010010100101
11001110011100011101011100111101
11101001001100100011110101110001
10001110111000101001110000001000
11000111101101111101011010001100
10001111110000111011010100100001
11000110011111010110100101001011
00000000010001110101001101001101
00001110000010111111101111110101
11100110100101110010010011110100
00111101001111011110100100111100
11000011110111000001001111111000
11010010001011001000000001111111
00001110010011111010100100110100
11110101011100000111100111001000
10100111000000111001111010100100
10000001010011000010110111101000
11111000111001111111001110100100
11100100111101101111101010011010
01110000001011000011100111000110
01111110100101001000001111100110
00000000111011100001110011010010
11110000011100111001001000001111
11100111010000000010000001110001
10011111110010101001001100100000
11111111011110001111001111101011
10001010010100101111111011011111
11111101011010100000000111110100
11000111000111010010100011001011
10110111010100110100011011000011
10010010001110111001111101101010
01000001000110101111101000000011
10011110100001101000110110100000
01110101011000110100011111001011
11010011001001101001001111100101
11000001110010010010000001010000
00010100001011110010101011000111
10011111111101101010100101110010
00001001110001101110110001110011
11111001110100001101001001100011
10101110001100111110111111001101
00110000100101101100111000110110
11100111111010000010100100011101
11011000000111100100000100000011
11110100101001110110111001100011
10000010001100100000000111101001
11000101001101011001101110101001
00100011001110001111010010100000
00110000011000000000111011010010
01111101110010001010010111101001
11111000110100101010100100011110
11111000111110101101001101000011
00011110011100011100011110111110
00101001010000011100111101100110
11111100111100010100000111101010
00110000000011100011110100110011
01001001101110111111001000011110
11110100000101011100111101011100
01010010010001101010110110011110
00000010100111111010110100101011
10010110110010101110000010100000
01011110011100100011000111001111
11010010100110000110001101000111
01000000000011100111111111101111
10100010001010011110010001101101
00000000100111001001110011111010
00011010001101101110011110011100
00110110000011111011110100111111
01101111010111001111000101001001
10110101011100011101010001100011
11101011110101101000110111011100
11110000000000011100010100100110
11101110100110010000011110011110
10011100010100000101111100011100
10010101111010011110101111001101
00100010100101101110000010001100
01110101110011100011000101001011
10011100011000000001011011001101
00111000000011100000100000101101
01001101001000010101011110000101
11011010001111110100101001110110
00000001001110000010001110011110
11110100100000011001011101110000
11100111111111111010110101001010
00011000101100110111000011111111
10001101000000111010111100111101
10111011111001101000110010110000
11100000000011111100110011010010
00110001011000100111100011000110
00111101101010000000010011110111
00000111111111000010100100000110
01010111000110001110000001111101
00101001010011100111100100011100
11111110000101000000111000111010
11100100000011111010110100011001
11001001111010100111000111101001
11000101000011000011100011101101
01000110110100001100011110010001
10011010001101100010111000110001
10110000011000111101011010011010
11000010001100000100000001100110
00000000100111101101100000110100
01111110111011110110101101100101
01111010110100000100101010010001
10011101101000110001010000000000
00110011111111001010100100001110
00110001100000011101101111110001
10100100110000000000011100111001
11101001111010110100101001001000
11101110011110101101001001110101
11001010100011101011010011101110
01111101100001010011010000010101
01100011100011001001111111001000
11010100100000010111100011100001
10000110011010010101010101011011
10000000010000110001111001101000
01100101010101101110110111111000
01010011011100000001100011101101
01011110101000111101111010000000
01110110111101011110100111110101
11001101000000011100000000000111
00011001001111110100101001101110
11110110001111000001001001111111
00011010100110101101011000011111
10110101110011000110001000010010
01000110100011011011010010011100
11001000111110110100000111110110
00011110111101010001111000011100
00110011001010010000000001100000
10010001110000011100100000111111
10001101000000000010101010010001
10000011101101101001110001010101
01001000111110111100001010011010
00110000000110111000011000100011
00111101001010011011110000010000
01111011111110100000000001001101
00000001010011110110000010100110
10010100000001101111010011111100
01000101001101011101000000010011
11001110000011111010011011101110
01101001111111001011001010001111
11100010101001101000010100100100
10010011100111111100110010011010
01110000100011010100011001001000
01011100000111111010110100101110
00110001100000100000011101011111
01111010000001101101110011110010
10111000111111000110100100001111
01110001100111000000111011100010
10001100100111100111111001101100
01111110000101000000000001000010
11110000011100111111010100010100
10011001000111111101110100111111
01010001010010100100111001001110
01111001110001100011110100101001
10111001011011001110010000101000
11000111110100101001010010110110
00000110010001110011111011000000
01010010011110011011100000111001
00100000111000101001011111001100
00101100001100111001111000001111
01100010001100010100110000100100
11100000011011101101100001001111
01100000001111111111101011110100
10100010010000101101111111110010
11001011110110111010100010100111
00000110010100011101000000010001
10001110110101001010010110110010
01001000000000000001001000111010
11100100110100100000000001001110
00110010000001010000001100011100
11100111001111010011101001010100
01111011100110110011100000000011
11101001100110100111101011100111
01101000001001001000110011110101
11100010100101001011011111001101
10001100101010000000110111001110
00110011010011100011100111011010
01001010100011101001111010010100
11011101110011001100001111101110
10000001110011010001101100011000
10000010001101110001110011111101
01101001001101100000000010100000
01100101110011110011111111000011
01001100010110000101011000111100
10110110111110010100111001001110
00110000011010100101111110010101
00010111001010100100100111000001
11101100011010010000011100100011
00100100010100011100011101100001
11001111111110110101110111101001
00001000000011011111110000000011
10011110101101000001011000000000
00000001111010011101000000001010
00000011100111000110001101100011
01111101011010011010011001001110
01111110010001000010001110011110
00110111011111110011101001110001
11001011011001000000001011001010
00001111101001110100101001011100
00001110100000110111011100100011
10011010001100011001000110000010
00011011000111101011010000000010
01010111001110110100000111001000
11110101111001101000000111001010
11111100111111011011101111010010
10000110010100011100011001001000
11111100001010011101110001100011
10101110001110001111010110100100
01101100000100000011000001000111
01011100111100111100110100110111
00011000110001100101100000011010
01101110111001011100100100011011
10000110001111010010100000011100
00110111000000001001111000111011
11110100101001000110000011000111
00001011101101000001000001111111
11011010101010010000000000000101
01000110000000010011100011101011
10010011010011001100011101110010
10100011111111101111101000110100
11100001110000100110000000001100
01111110101101001001100111001000
00111100100011101011111110011101
00100110010101111010000011000111
10110111000101001010000000010010
10100111000111000001111010111001
11001101000111000000010111001011
00011101110111101110001010011011
10110000001101110010000101000001
11110111001010110100000000011110
10000011100111110100101000000010
11000110101011000100100001010000
00011011000111101001010001100001
00010111100100001000000101110011
11000001001110001100011001101001
00011001101101101110001100111001
11000111011110100101110010101111
00000100000111100100111101011010
00110111000000111000000001011011
01101111011011100000010100011011
01110001100111100100111101011110
11111100010100111100100100000000
00001111111100011010010101010110
00000011101001101101111101111100
10011010010011001000110000010001
10010011110101101000000011101011
10001100000000111100110100100001
11100100011111011110111010110100
00001110000000001110101110001100
11110001100110100011000000110011
11010000111111100001110100101001
01001000111000111000010111111100
10101000110001110000000011110011
11000101001010001100000101100010
01111001000110011110001110100101
00100001000111011000100000011111
10011101000011011011011100000000
00110110110111000111111001010100
11010001000101000110001100000011
01101110011110101111011100111101
11101001010100010101010000101001
00001010101000001111011011101010
01111001101001110011000000001010
00000111110010111000101000001001
00011000111010100000111000111010
00011010011010001100000000000011
00001100101111000001111010011000
10100101000001111110010000000100
01110101111101010011010011011101
11011000001001000111010111000111
01010011110101110011010001101110
01010010011100000100000100000000
10001110101101000111110010101100
00000111000011011100011101100000
01111010110100101110010000101001
00111011101110000000011010100011
10010100010010100111011011111001
01101101101100000000111001001111
11001011100111001101001010101010
00010111000001000011111011100010
10100100111001111001111000111111
10010101000111100100101010000011
11000110000000011110110111001111
01101010100100011001010000000000
01110000001110100111010011000101
00100000100100000111000111000111
00111110100110011010000000111011
10011100011100000000001011111101
01101001011100100011100111001001
00000011100111101001010010000101
10000000001110000000001100100111
11101011010011000101011000011001
00111100100100111100111101001010
01010011001010101010100111000001
11001001111001111000111000111000
00010100110111011110010011110000
00011000011111111000110100101110
01111001000110110100111000110001
11101111010011011111100111110111
01100111000000110011111010010100
11101100100011000001110010000000
00000111011111110101110011010010
10000110010111000110001110000011
11110101000101001000000000101001
00000111101001010010011001111010
01100011000111000111111010010100
11100011110100111010011101011111
01111010010100011000001001110001
10001110011010010000100000000011
00000111001110001010010011001111
00111100001110011100111111100111
01000000000000000110011110010101
11111111000110100111100000001100
00010100011100001011100111001111
00100011101011010010000001100010
10100111110101000001001101001110
00100011001001111110101111101000
00101000000000000010100000000000
01110000000000001110110101001001
10111111011010011100011000111000
10100111000100111100000011011010
01001000111011111101001010010011
00100111101000010001100100000110
10010001100000000101000110010011
10001010001101110000000111000000
00111100000110100101111110011011
00111101010011010010001110110000
01010010000001111001010011101100
00110001110011100011000101000001
00111100000000000100011000111101
10001000101000001001001000001111
11001010000101111000001111101001
01001010010110001110111011000001
00011001101001101001111010111101
01001110000001010011100110010100
00010101001011001100000011100000
01111010111101101010011010011100
00010001111100101110011111110000
10100111000111101001110010000001
11111001011101001010001100111011
01011011000001011000110100011100
00110011011001000001110011100111
11011010100111011011010011100011
10011100011100011111100111010100
01100101000001100000011100000100
10011111101011010000000001101101
00011000110000001111101001010010
10010110000000000111001110010010
01000111011011000101001000110100
10001100010011111100101010111000
00010100101111001001111111100001
11000001101001001101110000111000
11100011101011111011010100110100
10011101100000001000000010000000
00011110110101000000000011000011
11101111000101010010010000011110
00001000101000011000100000000000
10010111111010011001101001111110
00110001110000001100110100110100
10110000110010010001100000111111
10011101000110001111101011010000
01010001100001111110001111101101
01001110110110000101010110111001
00011101001010001100000100111101
00001000000110001110110001101000
01100001100111110101000001111011
11100000110100011111001010001110
11010100100000011001010001100011
00010100101001100100010100000111
01101111010000011110101101001000
00011101000010101111011100111110
11111001101001011100100000100111
00101010001110000011110001010010
00010101000110001110100111000111
10100000101001000111001010100000
11110100001101001001100100000111
00111100111101111010010111001001
00100111101001100011100111101101
11001101000111100101100000101101
10010010000001111010011100111101
01101001010101010000100011101000
11001011110001111010110100111100
01111100101000000111001111000111
10100101001101001011001010001101
11000100111101011111010111000101
00100100001010010010010111010001
01010101100000000001011011000111
01111101101101010111100110110100
11001001111101101000001011001111
00011111001111011010101000001011
10001011001010011110110111000010
10111100100110110100110001100111
11111000110101011011001000110011
11101000011111010010101000101110
01000000110011100000011100111101
10110011010010000000100111100011
00011100111110110101000001011011
00111101010000011110010001110111
11101101010000010111000000001110
01000001000110001010000010111110
01000111000111000001001111011011
11010110100011011100110001111000
00100011000111000111011111000101
00000100100001010110111001001001
11111100000001110100101001101110
11100001110101000011000110100101
00100100000111000000111011111110
11100110100101110111000011011101
11001000001111001101000000001000
11101101110011111101000011010010
11111100101001000111101001100011
11011110100100110110000100100111
00011100011100011110111101001000
01000000000001000111101001111110
01010100110111011000000100110000
01111001111001111011111101011010
01010110001100011011000000011011
10010111011101100011101001100100
01010010111001000111110010111100
01100000011111010010100011000000
01101110101110011110011111110000
10100101001000110001100011011010
10100000000110100000011001110011
10001110011100111111010111001101
00111000001010110001001111001011
01111110011001101001100001110011
10011111101110101101110011111011
11010100101100000100000100101100
10101110010101010000011001111101
11001101010101010111011101110101
11011011111110111011011001110010
01111111000011000101001111100100
00100000000111011101101101001111
00111111101001010011100000010000
11000011101111010010000011100001
10110110111011100110000111011111
00010100100001001011011011101110
10011011100001110111110000011100
00011010010111000011011000000110
01000110000010001110110001101000
01010001100100111100111101011111
10101101001000010100001001001110
01110010000011010010011011000110
00011001110000111001000001111110
10010100111000000100101011110101
00000111111010110100001000011110
00001000110110100100000100111100
11010010000100011101001101101110
01111111000110100101000000010111
00111100011101011110111101001110
10001010001000101100101001000100
01001000010010000001110101110000
00110011010110110111000101101101
10000101010101100010100010010111
11100110001000110010110001101000
00010011010001111001011000111011
11000001001000111010111001001111
00110101000110110110101000110000
00101001001000011011000011101010
01111010100000111100100000100010
10110010111001000101010100001010
11010010110001001000110111110110
01110010110110000101011000101010
01110000001111011011001101010001
10010111000000000110111000100100
00000001111010111001101001010000
01010111000110010000110000011011
11010010100110101100101001111011
10000011100111101011010010000101
01000111001001110001111011110100
10100101001000110110111001110001
11101101111101001010001110001100
01100011011100001111110001001101
00101000110000010010011100000000
10001100011101001111011110100000
11110000110110010011100100100011
00111001000111000101010001100101
01011101100110001001111100110100
00101000001111101000101000111000
10100111011101010011100000001010
01011000111001111011010100000101
01001001001000111001001010011100
11100011000110001010010110001100
01101101000110010001110101110001
10001100110100111100100011000111
00100011110101111001101001000011
11010011100011000000111111100111
01000001111010100111100011101001
11010100110100100001000110010000
00001110111011000000001101001011
10110100000000011000110111011001
11111100011010010001000100010011
00111011100000110001001001111111
11001111000101000000110000011100
10000000010010010010011111011011
00011000101000001001110010010001
11001001110000000011111110011101
00011011101001010011111100101000
01100001110011110110110001010110
11001101101110101011010110111100
01101010010100000000001011000000
10001110001100011101011010110001
00001001111000110010110001000110
00001111011100100110100101011001
01010010010001001110010011100100
01110101110001100111000101001000
00010100001000100000110001110000
00000111111000110100111100011111
00110111010111000001001111110100
10100100011011001110011110000110
11001111111000010100100110010110
00111100100101010001111011000011
00110100100001111101100100001111
00110100000001000101010011101010
00111110101111001101001011110000
10111101100110001000111000101001
00000010001011101101110001100001
10110001100110100001011111111011
10111001011011101001110111000101
00111011011010010010010000010101
11000111010010100101001000001001
00111000000110000001111101011110
00101011011111101101111011011101
00101101111101001100110110100011
00011011110110000110011100100111
10111001101011001101100010101111
01001100001101110001001011101110
00000100000100000111000110000011
11101001010101011110000101001111
10110100010111100010101011001000
01010100000101100010010000000110
01011110001101110000111011000000
10001010100001100010101101110100
00010010001111100111100100011101
00101011011100110100011110011101
01101101100110010110110110010100
10000000001001100010010011101101
01101110100001001101011010000101
11100110100000110110001101110110
00001011011110010111111001000100
10000111111110001010001111000000
11111101001110100101011000100101
11011110100000110111101101101010
00110011000111101101101110001000
10000111111101110000011000011000
01111110000111111110000101011001
11101010110110011100100101010110
00011111010000100000111001101001
00011000001110010101110010000001
11010111110101000101001010000100
01100000101000110111010010000011
10011110001110001010000010100000
00000000011110100001111111100111
01000000010101000011100000100100
00011111100101111010011000000110
00101001110110010100010111000000
11000000000000111110101101001101
11001110110111101011110000011111
10101101001001100111001011111001
11011101110110111101001010000011
10011111011000000111111010110100
10101011100100001100010001110101
00011000111011010100011001111000
11111001011111110101000101001101
11011010011111010101010000001111
10101101000000111111110111100000
01001001101001010010000110110000
01000111000110001111011100011001
10100001010010010010011110000101
11111100100001010011101100000000
10001110100011011001111111001011
00010100100000010000000011000111
11001010010001110110110011100110
10010101000100110011100000011011
01110010101110011100000100111110
11010100111110001010001001110010
11001010110110110100000000001010
01111001001101011010100111111011
11010101010001011101101001000001
10001100100111001011011110101000
11111010010101100111110111110101
10001010110110101100110011011011
01100011010111110010110110000111
00000111000111000000101010101101
10110000011100111001000000111101
10110001010010011111001011100111
00011000000110011010010101100011
10000000011101101010110100100000
01101110111001010111100111110100
10100101000000010111101010010000
01110001100011110101101001100000
11011011100000100101010101011011
00011101011110100101000110111001
10001110001110011101100111110101
00011101010001010011111100101101
11101100011010000000111011000000
11111100101110010010001100011110
11010100000000100111100100011000
11100111110100111010010100001011
11000000111001010111100111110101
00010100111001000101010010010010
01110100000001000000010101010010
01000001110111000110101110100011
01110000101011010001000101000110
00000001100101110001100000100000
11110100001101011000111110101001
01000111000001000010101000100101
10011000101110000100111011011100
11100111000111101101111010110101
01011010110011100110101101001001
11001000011110110111010101101001
00001100011011100000001101110000
01000110000000011110100001101001
01100101001000010100100110010010
00000110001110001101111001000011
00100011100011101101111010100000
11010100111110100010101101001011
00110110101000101011001000010000
00001100010100001110010101110000
01111011111110111111111000010101
11010101001001001100011111010111
10001010100111010101110000010011
01010100101101010001110100100010
11011010111111110010111001110011
00010100110111111111001111010001
00111010100111111010111110101101
01110010110101111101011001010011
11011001010111000111100100110010
10000010010011100011001010001100
00001111000011000011110101000101
01000010001110001110101111000111
10111001101001010010010011111111
10110101100011110110001101000110
11101110001110000110001111011000
11100011001111011010101000110011
10000010110010101100010100000011
00000001111111000100011110101000
11110100101001110000001000001000
00011001000111001000111011010100
00000010101000001001001000000111
01011110101111001101001011100100
00110010111101111100110100101001
11100011000001011000100011000111
01001110011110001010001100011001
00000100111110100101001000000101
00101011110001101110001001000111
10100001110001010010100100111101
10110000011100100011000111011010
10000010101001001110001111100111
11000111101101010000101001000001
11101011111101001010000000111000
11000111000100011001110111011101
10001001001101001000000111100100
01011100100011011010100000000001
11101000011100111101111010001111
00110100101011110101100100111010
01111010110101001101000010101011
01001010110000010111001001110000
01111001110011100100110101101011
10101100011001000101101110010101
01101110010011110110110011110111
10100111110110101101110001000101
00110100011000100101001010000101
10000001000001111110010100100011
10011100110101100101010111001101
10110110110110111010000011011000
01100101100011100100000110111000
01110001110000011010100111000101
10001100011011101010001100001010
00101010000010111011101100010011
00000010100001100001111010011001
00100000100010101010110010110000
01001000110100011110111011000001
11000001111101001010010001101000
11011001010011111100110001001000
11111100001010011010110000000111
01011100111110110001101001001100
00101000000111010100000111000111
01000001110111101001011100101011
11010100111000110001010000100111
10100000111001000111110101110011
01001011100000001101110100010100
10010110111101001110101101010011
11011000001001011010000010011011
01110101111111001110101100001010
01100111111011101110000010001100
11111110010101011011001101111001
00011101100100001011011111011011
00000010110001111011000010001100
10000010101000110011100111111100
01101010100111000001101010010010
01001111100101001000101001010100
11110011001000111110000010100001
11101110001010001011110100110110
10110111001100000001010010111000
01001111100100001111011011001111
01001111110001101010100011000011
00110100001100011100100100011100
01110110101100011000001100010011
01111100101011000100011111110000
11111011110101000000000100101110
01101110101011100000110001111011
01000010101000000011010110111001
01101001000010001011011101010000
10101010001111101011010110100000
10001111110001010100100111100111
01101101000000111101111010011100
00101110011101101000111001011011
00011100111100010101010110110101
00111011011001001101010101100011
10001101001111001100001010001101
00011001110111001010010101111111
10010001101011001010100101110100
01111001010101010111001100001100
10000001110010001110101010101101
11000001001101011001011011000101
11010100101100100001100001011000
00110010111100000100011001110001
01001000001110100110011101100000
11000001111101010011110011010011
10110111000011111011101110001010
00000011011100100000000101000010
00111101110011110111101001010010
10011011101110010010000000000001
11011011001101001001111001011100
01100100100100011000010111111100
00111011110100111100101001000101
10000000000110010011011101111011
00110001001000101001000110001010
01100000100011110010100101000000
11001110010011110101001101010000
10101011101011000010110110110100
00100001000110011110010010010000
00001111011011110101101010010000
00110001011101010000110001001011
00101001001111001110000010001100
11100010100110000101010100010100
10000110000010100100111000111101
01110011010010100001100101011001
11001011111001011011001110001110
01111000001110001111111100001010
01110110111001010010011100011000
11111101001010001101111000111101
01000110000001110111001101001011
10111000100111101110001111010111
10101001101000010001111111001011
10011101000111000100100110001110
11000100011100111000101011101000
11101101110110000100101100010000
11001001111001000101011001000000
10111011110110010110110100011000
11001111001110110100011001110001
01010001001101011100100010011100
10000001001100010010010000001110
10000111101110101111110100101001
11010001010111001011110000010010
00000000011110010001110110011011
11010100011110101101011010111100
01010010010001110111110010001010
10100111000001001001101010110000
10110110011100001001000110110101
01010100011000000111101001010101
00101101010100100000100010100010
10110000011101110010001101110001
11001110000000001100011100110101
10000011000100101011110011010010
10000101100001101101110111011111
00111100001100010000011100110101
10100001011010010110001010110010
10111011001101011101001011100101
01010100111000110110000011111110
10100110101011101101110110100010
10110100000111111011101010001010
11011100001110100000111110010101
01011010001100011000011000011110
10011111010110101100001110111010
10111011101101101000110110010100
00110111111011101001110110111001
11011001110110000101011010010110
10011011101001101111100110100100
01011100010011101110010011000101
11010100001000101101010001111010
11110100011101101101011100110000
10110000101100111011001001100001
00100010011111110001001001000110
01110011111110001110001010110001
01101101011011111010011010110111
10110111111100101011001000110010
00111010011001111011010101000001
01110001011100111110011010111110
11100110010001010101011111101110
01010011100011111111111101010101
01011111101101011101010011000111
10010101100001101100111111001011
11110111100000111111110011000000
11111011111001101010011101101001
01010100001001101111100000010101
10001010111101101101101000000001
11000111111000100010100110110110
11110111010100101001111110011111
00000011001111011100011101000010
00101010111101011010111010100110
11010010001010001001000110000111
11001001100100101010110000001111
01010000010001010110100111000001
01110011000111001100001100001010
11000011001101001001001111001011
10110101100101000000111011010101
01010001101011100100101011011111
01000011000111001111110001000111
00100000001110110001101110110110
11100001110110101010100111011010
01011110001111000111101010011011
10000110100100000010101100101011
10010000100001110111011000000011
10100001111011011111010110101101
00100110110101000101011000010111
11111101111100000111010111110100
01100000101001001010100111110110
11001000111010000111111010110101
00000101111001111101100111101111
10000001011110000101100101001100
10101010001110010001110100001111
11100010001110101101011001001000
00001100000010010000110000010111
00011110100111010111011011010100
11101100110111110010111000000010
00001111110000000101001100001011
10110111001110010011100011111010
00011010010001010111001001110010
00000001110010010001111010100110
10010001101100101010011110101110
01111001111101010001010000010010
10100100111100100111100011101111
11000101001010000001100011101000
01001110001010010000101100110110
01001110000001100111101101110011
01001101010111011111001000110001
00000100111000000000000111101001
11111010110100101011001010010000
10111100110010010100111000000001
10110001100100001110110110001111
01011100010100100010011001011011
00111111001100011100111111111011
10110100101001110010010001111010
11100011111101011010001101110111
01000010110111000110001110011100
00010001010010001100110000001010
10011101101001001000000000001111
10100110001010110101111101001000
10111001000011110001100000000101
01001000101011000001110111100100
10101000000111101000001100010100
10011110011001100000010101001010
00100100001001101101110000111110
01111000000001110001110101101010
11011110100100110111100000100001
01000011001001101110111010111100
01100010101101111011010011101011
10010001001001101110001011000100
01100011111010110101001011011100
11111001010100100100011111110011
01100001100000000001100111000101
01110011101011110111110010111000
00101011100111000100011111111101
11010001110000001100010101011111
10001110111011010011110010010100
00000000000000000011000111000000
11110100000101010000110111001101
11001010110010000100001000000001
11011011001011011111110100101010
00100111100110001011110010001010
01011000001010110011000111000000
11001001010100011001110001111101
01101011010100100111001110001011
01100000110010101110000000110000
00011101000000011100010101010010
01111101010011100100011111010011
11011010010010000000001000101101
11000010011001110011000110111111
11110001011111010000110101110010
01110111001101110000110101110001
00110011110010101100001101101011
00110001111001000111101001010101
01110010011010000100101110000011
00000011011001000000000011011001
11100000100000110101101011110110
01101001011101101001000111111001
11110001110000000010001111001111
00100101000110011011100001100001
11111101000011010011111000001001
01100100111110110101100110001110
01110100000111100101001111111111
10101011100100000111010101010011
11101000010011010011111000011011
10011011011110001110010010011010
00000110100100111100101101100010
01110010011101111000111000110011
11110101111011010101001010100001
10010110110101001111010100001100
00001000111000001000001111010111
11010011111010110101001100101110
10100100101000010011001011100000
11101110111010011000001111011000
11010011011001101011100100010010
10001000100100001001010000000101
10011011001000011010010000100000
00101000001111111000110101101010
00001101000110100100100101100001
01100010110101110100010110110111
10001111101110000001000101110110
00011111110001110001010110011101
00011101100111011100110001110111
00101100111011010010101110101100
01111111011100011001010101011011
10001111110001000111011010101011
00101111000010011000010111010100
10010111011010010010000001101110
00000001011101101100100110001000
11111011011110110001111101001010
10100101011110110000111000100100
00111001001001010111001111000001
11000001101010000100111100001100
01110000110001001111101100000011
01000010111000110001100100100101
11111111000110100000000111101011
10110111001001000001001111110100
10100111100100011000110000000001
11001110000000000011110101101001
10101000100110001110101010101011
10001111010111110101101001010101
01010001100000000000011000000000
11111010010100100001111110111100
10100011001010101100001111011011
10001010011101100111100111001001
00000011111100111010010000101111
00011010100111000110111100011000
00000111110101101010001101011001
11010000101110011100010010000000
11110011110000000011010011100110
01110010011100111000110010101111
11010010101000110111100111100100
01011110101010100101110001111010
11100011100110100111010000110010
10011001101001000101100011010111
10101001111111010010101011101100
10111010011101001100001100111011
01011000010010101011100011100111
01101001110000110111111001010101
10100101011000010110101000100011
00000011100000101011100011101100
01101011100101001000111001011111
10010100111001111010110101001101
00011010101001011100010110010100
11100001011110001001101000110010
00011000000111110101000101010010
00111010001100110110100111100010
00110100000001001011000101111110
10000011101011010010110110111110
10010010111111000110111101100010
10111101111101101010100110101101
10011000011000110111100000100011
00100000100100000000011110110101
00110010011010010101101111001010
01110101010101100011100101100001
10001010110001110111101101010010
00000110001111001100001000000101
01001010000111001000011011111011
11011100000011101101010101011101
11110101000001011000011001000111
00001101111101111001100011100111
11110000101001001111111011010000
01000011111111000110001111101001
01010110011000001101011000101101
10010100011011011001000110000010
10010011111110010101010101011011
10101011111000010001101010110010
01000010010101011101000111111001
00000100000111101001010110010010
11001100010010010010010010011110
01001101001101001001101010111011
10100100010110100000101110001011
10101111001101100101000111111011
10111000110011100111000001111011
10011010110110001011101110111011
11110011011001010101100011100010
00101010110100011111111100010110
00001111001010110101101001110000
01011001101000111101101110101110
11011100000111100000000110101010
11011010100011101001100100110010
01001010001011101110110101110110
11111001100000000110110101100101
01100001110000111000111101000011
01010100011011011110110010101111
10111110110100000000110000110000
10000100100001001001111110011010
00100111001110010000001111011101
01110001110100101001010110001100
01010000011010100010100100001101
11100100010110110010001101100011
10000010110000111111010000110101
11010100100110000010110111010010
11011100110000101101000111000111
00101100010011100011101110001100
10000011010101011110110100100010
10000011010011100101001010110000
00011001000001000110010011100100
00100011001111100100001011111101
00101010101011011110010111000110
11101111001101001000110001100001
01001000011011001000111010110100
11100100011001011001101000100010
10100111101000110000101010000110
01010100111100110110110111110010
11111100001111000110011101100011
11111111010000110101100111100101
01001010000101100101011000011000
00100011100011101011010010011100
01100111001001111101001010011000
00001110111000000100000100011000
11000111010000100100110101001000
00110011100111000110011100011000
00011000001111010111100010100100
00001111100100100100100100111001
11110100101001011110011100000000
10001110101111101001110110001101
00100111001110000000000010000011
11101101100010100110100011100100
10000000000101111010011101110010
00101000000000001000010111100100
10011111101000001010000001110010
01110111000001100010011111110000
11000101001000001111100101010000
10000110011100111001001111101001
10001100100110100111001010010010
00000000111001000111010011101111
11011110101001101011010100010110
11001001001010000010010001100001
10111101011010110100000110100111
10000010001001100000111001001001
11011011110111001000101010110111
00101101111000000101010101011101
10101110000111010001100001100101
00011000000111001110010001010111
00110001000011011000001000111010
10000111011100100101010001111010
01010110100001000011011000110110
11001000000000110010100001100101
11001000111001000000011011101011
01010110000101100011100011100011
00000011011000101000010100000011
10101101000011010111010000010000
01111100100000000000111101110011
01010101010111101110010010010010
01110010110001001001101010000001
10100110110011100110101010101100
10010010111001001110001100111100
11010100011111001111101011110111
10101010001101111110100110110110
01010101001000001110011101110000
10101000000101010001101001001001
00010101001000110101001011001100
11000111000000000000000110011010
10111101011111011010010111001011
01101000100111100110100001100100
10010110001000011100000100101011
11000001000111110101000001101010
10001111010011101001010011010010
01101000010101010010111011000001
01000000001001111110100101011010
10010110101011101001011011110001
01101100011010010001110000000010
01111000110010001110100111101101
10001010101110010001010111110010
01110100111100100010001000011001
11100100101110000001101101001111
11101001010101110001001101010101
01010100100011010101110000011100
00000010001110100101010110100100
11010110001000111001011000011110
10100000100100000011101001111010
11010100100100010110101110010000
10000101111001000000110111000011
10000011010110000111101011101101
11100010110111011100100010001110
10011000001110001110001010100011
10110111110101101010111000101101
10100000111100101001111111100111
01010001110100111001111001000101
00110100111010101111011100010111
00100000111110010110010000100001
00011110101001101010000001010110
10010000010011000001111001110000
01110111000111101110011010110110
01101100101011101101010101001000
00011001101010111100011001111000
11010110011000001110110111000100
00110010000011011001001010011110
11000011110100001101010101111011
11111000010010100110010010010001
10010111100011111000011000000011
11111000100001110110001000101011
00111100001101001010111110000000
10000001010101011011000111000110
11100011110100001111110100101011
01011010110111110100111111110011
11010001011101110100101011001010
11011110101000000101001011001101
10100010010111001100010111110011
11000101001001000111001010101111
10100111110111010110001111111001
11010110011111001001000111111001
01110010100101011001001000100010
10101100011111111000010011010011
00011000111001000001001010100000
11100100000111000111110100101001
01001001111001111000001110001010
00110011110011110011100010100011
00001001100111101010000011100111
11110100101000110000101010100100
10000000101000011011111100011010
00011000100011101100000010001110
00111011100010101000011100100111
01110110000101110011111110001001
10100001101100101011000101101111
01100001100001011100111000110011
01001001000101101110100110011000
10000000010010010101000111010100
01010101100110110110101101100111
01001110000000110011011011000010
01110011101101001111011010100110
11011001110010001100110100001010
11101111001110010111111111100010
10101011011010110011001000100001
11000001010111001111101110001010
01101100101101110000101001010001
10110110111100010101010100001011
10000010101110011100111101011110
01101010000001111001000000101000
11101011010101010101101001111100
00010011100000110100110001000110
01100011001010010111011100000111
01101001111010011110110101010110
00001100101010000001011111010111
11011100010101010110101110100001
11100111110000100011011010101010
10000011000110010011110100000111
00100110101010100100000100110011
01000001001111000111001100100111
11011111100011011000001100001111
11110000101011101000110110100111
10001110111000010111011110101000
00001101000101001011110010001111
10100111101000011010101000110010
11101001100100000001011000100101
00011001111000110001111111101100
11111100110000111111001000110101
01000010111011101100111001001011
01110111010100011111111010110001
01011011111011101011001010001110
10110100111111010011110011101101
10011100111011100101001111001000
11100000111110111101010110111011
10011000101001001001000101001000
01000101010101100010000001110100
11001111010110101000101000001001
11100000010001000011000111001111
00000011101010111000111111100010
01010011111111001100000110101010
11110010010010100000111100000000
10011101101111011010101000100000
11111000111110111011100110101001
01000110010011110010010011010100
01111011110010110011100001001000
10000110111001101010101110110001
01011000001000001111100110101110
01110011001000110111111101110000
00011100000011111111000110101011
00100001111111001000011001011111
00100110001010001100001001110111
01010101000110000011100111111010
11010011100111000000100100100011
00001011001000010000011110001100
10011100011101101010101010101010
01011110000101110001110101001010
10011110100011010101101110010110
10010010000000110001111011010010
00000001000001000110000010000011
11011110101011000010101000010110
10001100010110111001111110011001
11010000000111110010100010011111
11100011010011101110101111110101
00010101100111110011010001001111
01101100010000011001001000111111
10010001101111101110010010001010
01111000001111111110000101010110
11110100111111010101111001101011
01111001001101100011100100010010
11000110011110100110111100011001
00100011111100011010110101100110
11010100100100011101010000110010
00011100000000111101101010100000
10010111110010011011100111000000
10010110001000000100011110101111
10100101011001111101110001101001
10100110001101010010110101101110
11011001010111101011101101001111
00111111101011010110011110001100
10101001011001010010011100000000
01110110001000111001110011111110
01110100011011101111010111100111
00011101101110100101001010001100
01111100101110001110100110001010
10001001101000110110001110010000
00001010111100100011101011100011
10010001010011101100001100100111
00100111100100000000011101110001
10011100000110100101010101010010
11000000000001011000110110001011
01110100110010001010101110101001
00010010001001011011101100100011
11111100110001011010101001001011
00000101100010010101111101101001
01011100000110101101001001101000
00010000000100000100011000101011
10010001000100100100100010011100
00100000001010111000111011010101
00100010111110011101001000000000
01110111010001000011111010101100
01111111110000101000011101010110
01000101110010011011100001011100
01111011000010101010111010001110
01000000110110101011001000110011
00001110110001110001110100101001
11011110010000101011001101100001
11100110110111011001111001110000
00111000101010010001001000001000
01010011001110001100011111100111
01001100100100101110001000111000
11111000000001000001001101010001
00010110001100101111010011000010
00001100111001110010011110101111
11100101010011100001000110100010
10001100111011100110011000100011
11011111000101010001110010010000
11011011001110010000110110000111
01010011100111100111111001101110
11010100101010010110111000100011
01101101111100000101110001001001
00011000110011100111000110000000
01111111111110101101010100111011
11011101010111001000011011111101
11011001100001011011110110001010
01100010101000010110101110001011
10111001100101110110100110010010
00100101111001110011100000000010
10101011010011010001110011100001
10111100110001101100000100111110
10101000011010011111011010010111
10110010010001010011100000110010
00110110111001000011110000110000
01101010010010111101110110100110
01101111001100100010001000001010
10011111010011101101010101011100
10011010011101000011100000101111
10010011110000001010101101100000
11000000010000011101110000011011
11111010010101001100100100100100
01001010100110110101010101000000
01011111011000011000101001110000
10010000011001001111001001111001
10100110101100010000010101110111
01101110110001111010010100110111
11001101001010111000001110111100
00011111101001010011110001001000
01011000011100111100111001101010
11010100000100110011000000011011
01000001111010010101101000110000
11011101000001100000001000111001
00001011001011100011100101010110
00000111000001010100111110101000
10101001001001110110000011110001
11001000101100100101101011011011
11001010110011111100100110010001
01100100001010011001111101110010
10111101000000011111101001010110
00010010001010111000011101100101
01110010000000010101001110001110
10111001101010011100100111011010
10100000001011001000010001111110
00110101011000100000101111000110
10001100100000000101100010010001
11101010000011010110101011000011
01110110101100100100011110000010
01000011010101010000101111110100
01000010110111100110001010001111
10101111101110001010101010001001
10111111101000010101110011100011
11010000010100111001101111010000
10101001001001111011010100100000
00011001010111101000011100000011
11101001010010100101010110110110
00010011101110011011111100000011
11001101010111001000000010000101
01001110001000110111000000111101
01011011101010011010100100000100
01101111001000011111010011110110
00011101011010100111010010110101
00101011110011111101110111111110
01110101011000000100101000010100
01100001111100111111010110101110
01110011110010111110011100111011
01111001000111000111001101001101
11100000011100011011010001111011
01110011010011010000010101011011
11100110110001101110000110011110
01110001010000001000110101001110
01110010100000001110011110100101
00000010001000100111000011000100
00101111000111101000001110011010
00111100100101010101011011001001
00001011100011101101110001010011
01001100000010100100111000110000
00111000111010111000101001000001
00000010100100111111001011100100
11100011110110110011010001111101
10011111000111101011010010011110
01000000001000001001110001100011
11010111001101001101001100000001
01011100111011010011100000011110
10010100110101101011011100100000
01101101001001001001001111010100
01100010100101111100101001100010
10100100011000111111001100010100
11000110101101111110010101110111
00000110011011110101000110011100
00001010100001100100101101001100
10110001001000110010000000001110
10111000111001101010001100110110
10100111101100010110001001111110
10010100100001101101010110001001
00011011011100111000001101001111
00010000010010000011100011011011
01010010101011000000111000000111
00111000000111110101001101001110
01011000000110110011110011101101
11001101010010000010000100111000
11100100111000101001101010100110
00110011100100011001011000011100
11100000000100101011110001010100
10011110010101100011000011000111
10010101111101100001010011100100
10001011001110000001110111111111
11011101101000010110000110010111
01111110111000000100000010100111
00010011001100110010100000101010
01000001001111101001110100101001
00000100011101110101101110110010
01011101010000000000001111010110
10010011110010001110101110111101
11000001001001111001110011010011
10010111110010010000110001010011
00000100111100111000110011111010
11010100100111100101101010010010
01001110110000000110101001000101
01010101111000001000010000001010
01000111010100100011100000100110
10011110011111101110111100111001
11110110001001111001101001101001
01110101000000000001110110111100
00001111010010100101010101110010
01111000010111100011110111000001
10100111001010010111011101101101
10001010101000001111001111010100
00011110110111101111010101110010
00101000110101100011000000110010
10101010111011111101011110011110
10000010101011000000010101010011
11110011010010001100010011111111
01011010001111101101000010001001
11000010000010100110101101011111
00101010111101101010101010110011
01101010010000001111010011100010
10101001111110010011101101000110
00110111001111110001010000011000
11010111100000011011100010011100
00011111010111100110100111100001
00111110011000111111011101000010
11111010000010100100001010011001
11100100000011000111000111101001
01001101011011000000000111010111
01101111011011100110100001011000
10001110111011011100010110111000
11110100110001100110100101001000
00100000000111110111111000110011
10001100110100100011101010010110
11001010111001001000001111010011
10001110110101001010110010100011
00111011101100011001110000001110
10111001000000101010001101101000
11000011101000010101110010000010
00011011101110001110111101000011
01000110101010010001111011011110
00110001100011000001111001101001
11100000111101011100001001101110
00000101011100100000111001000110
00001101001000111100011010101110
00110000000011111100101001111101
11101000010110001101010100000001
11000000111000111110101110011100
01010011101101101000111010111000
11000000110011100100010100110011
01100111110011011001000010100000
00001111111001110100110011000011
01100111001111100101000000100011
11011000111100111000101001110000
10001011100000100001011000101100
11100111100111001101001000110010
00111000110011101101100010000110
00111011010100011011000110010101
11000010101101000110010010000011
11111100010110001110001010011110
00100011010101010011110011101101
00100000000011100110100110010010
01000101000111100011011100110001
00000000100011100111110101111111
01001010010001010101110111001000
00111100101100100011000110011110
00111001001000101010010001010001
00100010100100101100111111101011
11011001101100111000101001101110
01110111110010001100001100101100
00001010100011110100110000000011
01001110111011100000001100010110
01100010001110011010011101100000
10010010001100101110000001111011
00110101000110000000101110011100
00010110110011100011100111110100
10100110001010010010110001000110
01000010100100011001111000110001
11010111111110010101001110111110
01010010000010000010001100100111
00111001110011110100000101001010
00000010100111101101100011100011
11110010101000010101110001100011
00011011010010101001000111000111
10101000101001110110010000001111
01000011110110101001101010101101
10111001010010101001001001000010
10001110111110001010101100010110
10011111001010101001001110011100
10001100111001110011100111101010
01101010111101000110101010111011
01001011110010001100001100011101
01001111001111010110101010010101
11010101111011000110010010010000
10100111001000101010100000111101
11101110110111101111100010101010
11110010011010100010101111101011
10011010011111011001100000110111
01100101101001000111111110010110
00110101001110000000001111111011
11000111111111000010101011011001
00100001101001100011000101101111
01100000110010100011011100010000
01000110001110001111011010100111
00011100100000100000011000110010
01111110101111001101001000000110
01100010110001111110010000111111
10101101000001001110111011101011
10111000111000111111100111010011
01000110110001011110101000111101
11000110010001010010100111000001
00111001000011111000000001000110
00000000110001110101101001000000
01000000000001001111011011110111
10100101000011001111110101000010
10000011110111110011100111101001
01001101001000000111001001011000
00011100011101001110000010000011
10001010001100001010100000001011
00010011101101111101110010011110
00101000011000001011001000000010
10101101101100001000001000111001
00010100101010110001110001100011
00011011010000101010001011100000
11110000001100111000000101001010
00001010111100011000000110001110
00111101101111110011101000010100
10101001001111110010111011110010
01011011110100000111000111111000
11010010111011100101001111010000
01100111000111101011100110100001
01110010010011110100110011100111
11010000010100111001010010011101
10100000011100011110101111000101
00000011101011100111000011011100
01110001100110100110100111111011
11011100000011100011111010110100
11100010010101001010111100100011
00011001111101010011010011000101
00001011100111000000001111101111
10001100011101101010000000110000
01101110000010100000111111000110
10000010000001110001100000011100
01110110000001111010110100111000
00001101110110001100100000000100
11111101011010000101000010101010
00001001110010001100000100111100
10000010001010011010001110000000
01000110111001010011110111000110
01000111010110100100110000001101
11000111000001001000001111010011
00000101011010011100000010000000
01111110111011100011101111110001
11101011010010000111101010001111
10010100111101001110111000111010
01010010000111000110001110011100
11100000011110110101000000001010
00101001001110001101101000001001
11100000111100111111101011010010
10101001011000000000100011100100
11110001110110101001001100100100
00110001010100011001000000000111
10100101001100011101111100000101
01110000010110110110100100111100
10010000001010110101011000001101
01010110000010000110001100001010
00100000100100011011111100000101
00010101000101011100110111110101
10101101110000101001000001010001
10010000111110100001101010100011
00011100011100010000100110010101
11011000111011100100111101001010
10001010111100100011100001100101
01110010010101100011010100000011
11011000010101010111100011101101
01100000010111100100100011001001
10101001101011110010010100010000
01011010000011110010110010000000
11000100111000000000101010110010
00101101010000101111001000011000
11100100011101000011100111001001
10100101010001000110010011011100
10101100011111001100001110111000
11100000100101011110100101001110
00001011111111000010101000111110
10000111101111010010100000011000
00011001110111011101011110111110
00110001010011010110110110100111
00111100100001100000000001110010
01101001000101011010001101110010
01000100010011101011110001111011
11110010001010010101011000110000
01001110010010101110000010001110
10011001001101001101011010001000
10010011110101010111011011110111
11100100111001101001000110000001
01001110000101001000000010001011
11001001111010100100110100101010
01101101011011111001100001110010
00001111011000100010100111100111
00011100100100000111100100011100
11110001110111101001000011101101
00101011100100100111011100001010
01100001010101000110110000011101
10100000000111001111010100111001
10100111100001010110000000110011
10111011000000110001111111011110
10100000000011011100110110010010
11000111111100001110111101000001
01010101001001000110011110100000
11100111101010011010011011101100
01010011100100100000101101110011
11011011100111000101001101000100
01111011010101110110000001100011
10001111011011100010100100100101
01000110011011000010100010010010
01001100100000111001000110110111
00011111110011101001010010100010
10011110010111000011100100100100
01100011100111000001000001000101
00111100001000010000001110000010
01111001111011010100011000100100
11110110111001111000111000111011
11010000001101111110111011001111
01101110101000111000111010010100
00011101110111101001100011100011
10101101010001101101000110000010
00000110010101110010010010001110
10110100111000001011110000010101
11011010010000000001111111101101
01010011100000111000000111000001
00000100011001111001111001111011
01010010000101101100111101101101
11001011111011010100101000000010
10000000010101110010001100111101
10000000101001000101000010011101
11001001001111001111000000001111
01001010010000010001110001111011
11001001110110000011001000001111
11011110001000000110010011010010
11100000011011100001100000100001
01001001111101010011010010100001
01111101010010101011001101110110
11100111101001010010101110001101
10111111001100000000000001100111
11111001010101000100010010000001
11010010101010111001111110011110
01001100000011100110101011011000
00000101010101000000111001110011
11111001110100111000101010001100
01100100000000011111100011010010
11000111011011000011001001001011
10101011011011010011110100011000
10101111000110011111101011010011
01011110110010100010001011011111
00110010011011100010001111010110
10010000110010011100100111000010
10110000001001111001111110101101
00011001001001010111001001111000
00111110100001111010000110100101
01011110000000110001110000001110
00001111000111011011000111111110
00110100000001010110110110100000
10010010000011100100111101010001
11000101000010101010010101100011
00101000111011100001111111011111
00011101011010011000001101101010
10010001100101010100010100011000
11101010001110000011111011010100
11110111001001011001010011100001
01111010100000111101111110001010
01001110011110001111100101000000
00100111000000110011100011001000
00010100110110010000001100000110
11110011001111001101001111000111
00011000010100010101001000100110
11100011100011001001111001111011
10001100010100110100111011100101
01011111100100110010011100111100
10011100110100101000001001110011
11110011000000000000000111101100
01001111001101001011100101110110
11100000000111101001111010010100
10000100100101011110000010001110
00111101000011010011010001110010
01000110110110010001100101000110
01111000110001100011111100101010
10010011001000010111000000011001
10011000100111110111101000001001
01010010001101101001011000100111
10001010011000001110000110111001
11011100011110111101001011110010
10100111001001011001011101101111
00111101011010000000101010100001
00110001101111110010001110110001
10100101001000110000000000001110
01110011111110100101001101001011
00010000000010000000000110001111
10100001000101000100011110111111
00111001110111001101110010001100
00001100111101101010011100101000
11001001111001001001111111100101
01000110111000001010010110001000
00110100101010101100010010101000
00000100100100111001111101010010
00101001101011010001111011100101
00011000011100101010110000001110
01111110010100010100110101010011
10111000001110000101011100100000
11111010100100011000101001010101
01010101010111000010101110011101
11011001111011100100011001110001
01001010000010100001110010000101
00000011001110001110100110001010
01110000110010011110011110000011
11101001111011100010100100110001
10000000010010010010101000000001
00111000101001101000001110000011
10010010000001110101111000111000
11101001010011001001000010110001
11101010010001110001111010010101
01011110010001111100000010100101
10110101000001001011011001110011
11010111100110101011100010111001
00001101110010111010000111001111
01000000001110101101011010010110
10001111011001101001001100101001
10011110111000010111011101000110
01111000010001001100011000000000
11110111101011011101100110010110
11001000010110011011100110011001
01010001011000010000101110000110
01100110111011010101110011011100
10000100011000110001000110110110
01010111101100110111101010001010
10101111101111110011100000000111
11010111111010110100110111011100
00010101100001100111111110001000
11110100111101111010001110101001
00000101010000000011110110101001
10100101010111000010111001000000
00011111010000100110100001011101
11011011010011101110000000111101
00000110001110011100010100111011
00001000010001110101110000010000
00111001110011010011011101101011
01110011111100110000111010111100
01010010100011100000011001010100
00001100011101011110000011010010
10001100001100000000010110111001
00000111101011100100110100110111
10001110011110100000111101110101
00111001101001010011110010101000
11011100010011100101011111011100
11010001110011110101000001010100
00001110111000111101010001010001
10111000000001010010000010010001
10000000001111010010100001010110
11101000000100110011111110010111
01011010010000101000000110010100
00000010000000010001111111101101
01010010001011101110110011110101
01010001100100111000111111000010
10010101110101000011111001000011
00101010001101101101000110000001
10011010010100000001001111111101
11010001111010000011101101010001
00100010111111110000101011001000
00111111001011101011010100010001
10000001100011101110011000110010
11110010110000111000001110110100
01100100000010100111101010101011
00100010100001011100011111001000
00000111000111001110011010000000
01001011000111101000010011100100
01110100110110100111111100111010
01000111011110011101010011110001
00010010101100101000111000110010
00011011101101010011010101001011
01111100111010101110100100011001
01101110110000000011010101001001
10011110011110100001110011100011
10100101001101000011000111000111
11011101111001111101101110110101
00101110011100100000101111101101
00111001111011011011100011010011
11000001000000110001100001011110
10111110100000111010010100000000
11101101110010010000000010000011
11010011110100101010001110010010
01001101101111110111100111110000
00110011100010100101110001110101
11011010110111000000111111000110
10010110001100101110011110010010
01000001111110100101001111010001
00110111001100101010111000000001
11001111000101010111110101110100
10101000101001100100110010010110
01110101001111101100011010110011
11101110011101001000001100011011
11100100010111000000011001010001
11011001100101101010000101000111
01010100110010101110110100101100
11001011111010011100000010101001
00101100111111001100101110111001
01100011100001011110001001100100
10010001110111110000000010000011
10010001100000110101110101000110
11101011011110110010101101000110
00110010001010010000101100011000
11011011100000011101011111101000
00111101010011010110001011101011
10010111010111100110110110000000
01111000000110001011110000101011
00101111110011011100000100011000
00111101001100000100000111101000
01110011010101000010110010100111
00110010000010010101001110111010
11110011010011100000000111110001
10000011110011111101001010001100
00010000000000000001100000000100
11010001111010111001110110100100
00001110010000001100010100000101
10010111011101100001100000010001
10011110111101001110000110110111
00011100000111110110111010011001
10100110101100010110110011110000
00000000111000111011111101111010
00110010110000111010100100011000
11101101010011011111111101010100
10111000001011011011110001110010
01110010011100000000111000101001
01000011011000000111010011000111
11010011101111010011010000101000
01101100100111011011111110010101
00000100001010000100110000101010
00011100100011101010000001100110
10011101101100000001001110111000
00100011001100011100011110101101
00110101001000110000110100011001
11001010011000001001111001001110
01101001011101101000010000100011
01101000111010000011001110011111
01001010011010011000110000111010
11100110010001010010011111011011
00110100101000101101111000100001
10110111111001010110000110001110
01000110010010010011010100101001
00011000001111010111100100110100
10000111111001100101000111010111
10101111010000000010100110111000
00000100000111001010101010011111
11100111010010100000001010110010
10000010000101010100000111101001
11000101000010100100100000011011
01000001110011110001110111111011
11010000000000011101111001001001
11011101100100100011100111100111
10001010011010011100100101110010
00001110010001110001110101101000
00001001101101110011100101100010
01001001111001111010010100011000
01100101000001110000000011100000
11111010011100011100110100111001
01001110011100000000100000100011
11101011010010111000010100011000
11100111001111000110001010010000
01100011101000000111110010000001
11001001110011010001101111000000
10001111011011111100101111000001
11101001111010010100100111100110
00111111001001111000001111110100
00111100110101000110011001000111
00101110110000000100011110110100
00000011110101001111111100111010
00000100100100100110000101000110
00000001001001111000001110000000
01101010111011101001111111100110
01111001100001001000111000000001
11101010000010101111010110101101
11010100100100110110110001011111
00110000000101011001100101111001
00100010001101100100100101111100
00001110111110000001110100101010
10001110111001000101111001010100
10101011011111010100011111111111
01011010101101001111010010011000
10110111110001101111001100111110
01001001110111111011011000110000
10100000000011000110000001100100
11010100111101110110011000111001
01000001010010010010001100101100
10111101110000111111011100111111
01011010101000010011010111011101
10101111110110010111111011001101
00011100011011100001010110000001
01000110010101100101110011100000
01110111001111101111010110000111
00010010010010110110010101110110
00011101000000011001001000111111
10111010110110001110101110110111
11101001010101110111001110010110
00111001010101111100011000110010
00001000000110001100010100110000
00010010010111110011100011111001
10001000110001110010001100111100
01010010101011101110001000111000
00001010000011111101011110100101
00101011001100010101001011000001
10111001000111101001100011001101
00110111000000110111000111001000
01101100000111101000011010011110
01011100000001010001110101000001
11110110101000001110010111010111
00100101100110000000001000001000
00100111000101000000100011110000
01000110000011101111110001110110
00100000010100110101010100011111
00000000000100100011001000111010
10010000011110001010010111000011
10101010100111101011100011000111
01011100111000101000001000111010
10011101110011000000000011101011
10011110011100110100111000000011
01110001111110010011000011000011
10111111001101001001101101011011
00011000011000011000111000101001
10111011000010110111001110001110
01111011111001000111000101001011
10001100111100011001000000110011
11010111000101000010101000000001
11001110010011110100111000110001
01001000010110011000010001011011
10010001010011100111001000001001
11001000101000011000101110010000
01000110110100000000000111100111
10011010010100011100001101100001
10111000110011110001110000011110
00101000000011101010101011000011
00100100011100111110110101001010
11000111011100101111110111101111
10010111111010111000101010001101
10010000011011110000110000011101
10110010000001110110101001100011
10100001011001111100100110010100
10000011111011011100010100111011
01101011010001111111011101011000
10011100011101100011010011000111
01111001011111001011110111001011
10000001100000111001110000010001
10011100111111100101010010100110
01000110110001100101100001100001
10001000111101011110111101001110
11000011101101100000100000111000
00111110100000001110010011010100
00101011000110101001100100000010
10001100100101101111011001010011
10011100011110111101010010100110
11010011000011100000111001111110
01100010001110011110011111011110
10011010000101000100011100100001
00001111101100110110011101000011
11110011000100100110101101010110
00011101001100010110010100011000
10001010011001101100100111000001
10101001010100110100100010111000
01000011111101111010001100100011
10111111001001110011111110101101
01011110101101101011001000110001
00101000110111011011011010001011
10111001000000100010011000000001
00010101110011111101110011001110
01011010011000000000000000000111
11111001110101000100000110011000
10110001001000000011000000011001
11000110011100111100010101101001
11101000111101111001000111000100
11111110010010111011100001001100
10110001011101001101111001111000
00111001000111001000111111010010
10101110010111100101110101011011
10101101101011100100101100100001
11001110010000010101001001111010
01010111001111011110011010110110
00011000101010000011110111111000
00111101101010100011100011111100
11010000110110010000111001011011
00111101011100110101011011010001
00110110100111000000110000010000
10100011110101101001001100000000
00110111010111000110010011110010
01001001101000011001010000111000
00100011000111000001111010110100
10011111001111100011000110011100
10000011100111101011110110101001
00110110001100011101110111001001
01011100000011100011000110001110
01101001101111100101101111110010
01011001100101001001111000110000
00001000110010000000011111011010
10000000101100100000011000011100
11101110000110000011111100110111
01001100000110100011000011001101
10111001011110011100011000110001
10011100011001101000110110100000
11110101001011000000001011110100
11000110010001111111100100010100
11110101010100100001011111100111
00101101100000011100011000001111
00111001101001000000011101110000
01101101101010100011001111010000
00000010001100011111100011010011
11000010100100101111111100110010
10100111010011101011010010001110
10001011100000011011110000010110
00111101010001100011101011010000
00111111011101101011101101010100
00110011000000111100100011001001
11001110001010000000011100100011
00100001001101101000110011111101
01101000001110001100000101100000
00011000000000011000001111101011
10001010011010101011011001110000
01000001001110010000000011110010
00001101001100111100110000001001
10010011101111011000100000111101
01001110011100110100111101001001
00110010001111100101011011011100
10111101000010000000011110101101
00101110111111011011110000000101
00100100111110111111000101010001
11111001100011101100110110000110
10001100111001000111001111001000
00111100110100101010101101100100
00000110000010100111000110001100
11110011111111111101011110100000
11000110101100100100010000010101
10000000001000110011100100100000
10011010010101001000011000110101
00011100000101100011100000111101
11001101001111010001001000100101
00000000001010101110000001100011
10110101001100000010011001001111
11111010101101000110000110000000
11011001001111000111111101011010
01111011101110000101010100011000
01000101111101011111100101010111
10010001010010011110011000110001
00011001011000111100000000111000
00011001000110001010011000110010
00101011001111101111010100001010
01011011101011101110110011010000
11010001101010111110010000110111
10010110010101111010111000110001
11010011000101010111001101001111
10111010011010110110000010100000
00111110111001011110110001101011
01101101001011100011111011010100
10111111001011001011101100011011
11101001100110100110100110110111
11010100000100001110010101101110
01101101101001000100111101000111
00001100101001111111101011010101
00001011110110011010111000000010
10011111001110100010010100011110
11101000111000001000111111010110
10110001110010110000001001011000
10101001111010111111010011100110
10011000010000010010111001110001
00010001001111110010111000110011
10011110011111101001010011100000
00010101010001100011011011110110
11000001110010001010000110011111
01101110011110001101110110001110
10011100010100110001011001000010
11101111100000100100100000011101
11000111101111010010100001100111
01100110000110000010000101010111
00011100100011111111000000110101
01101101010000101010101100010101
01010110110011111010100011110111
10100000100011011101100100100101
10000000001001111000111010110100
11010010101000011000000111011100
01000001110001110100111001110000
01101000110000001100000000011011
10011011111100000110111011010100
00000000000011100011000011000000
10101111011000111100000111001101
00111000100000111000001001000001
11001000111101111010010001010000
01010100011100000100100111001111
00111100011101101010011100001100
00000101110111011011000011100100
01100100111101011110111101001011
10111000101100100000110000100001
00011001000110010010001110111101
00110000111011100000001100100011
10100111101001100111100110100001
11100101010101000001101110011001
10000000000111110101111010010100
11000100100111010001110011100011
11001100110000011100111100100000
00011010011101111001101000000000
00100111011100001110010010001110
01110111011101101010011000011001
10111001001010000011011100000011
11011011100111001101000011010011
01101101010011011100011110001110
01111010000010100100111110011101
11010100000011011100010101001001
00111101001100011101001010000100
01001001000010101000000011111000
00100000100111101110000000001100
01111110101101010010000010001001
01001000010111001011011011011110
11111101001010010100101010100000
00011001001011000100111101111111
10111011010010011011100100000001
00100000011001001111101001100100
11100011000101001011111001111001
11001000110000010001100100011110
10000111001101000001011100100100
00010010010000010001110011110101
00101011100010100110000000100001
10001011000000000000011001111010
00011110100101000001001001110010
01001111000000110010011100011001
00000010100111111000011011100000
00000010010001111101001010010000
10011001000001110011110111001111
00011000001110001110011010000000
01110111101101100001101101101110
11101111110001101001101011001010
10101101101101000001000001011011
10011100011001111010110101000110
10110001101100101100110011011001
01010000010001100000011000001111
01001111110101101000000100001010
10000111111010100000000100100011
00011000001001001111001111111010
11010010010010010001001101110000
01100011011001010000011110111000
01101100111000101001111100011011
01011100010001000011011100101001
11001111001111110111010000011110
10011111100010011010101110101001
10101000110111010000000110110101
10100011001011000011110101111010
10001010101011010111001100101001
10011000011011100010100011001010
01000111001110010101001001000101
01010101010110000100011011100000
11000011001000001110011111111011
11000110101001001111001011111001
11001001111011111101010011010010
00000100000110001100011011111100
10001110101000001000111001101001
10000110001001011100111111011111
10010111111010011001101001000001
01101011000001100001100000101100
01111111011110111101010011100110
10100100010110000110001000011000
11000000110000011100011110101101
01001000100000010010001100011111
00101100101001110001100111110101
11001000101001111111100110010001
00110111110111100011100111111110
10111111100011010010000111011000
10100100000000101110011100011001
11101001110101111000101001110110
11110100001110010101010000111001
00000100011101011110110000101001
01111111100010000000010100000000
01100000011100011100010100110001
01001110110100000111111001010000
10101100000011100111001001111000
11001101001100000100111100100000
01001100110010000101011100100000
11100000100101000011100000110100
11010101100110000000011101010000
00100100001110010011111010111100
00011111110001111000101001010110
00101001110101110111000111011101
11010100011111001100011100100010
10011110000110001011100111011010
00011011001111011111100010101000
10000100011001001001000001000011
00001100000100100100000010100010
00111011010100010010001010010010
10000100100100000011101011100111
00010100111100110110110001000001
00100000001011101101110001100000
01100011000101000000101101010100
01011111100110010001100110001110
11101110111001001110001010011101
10110000000011100000000111101011
11010100011001111000101001000000
00110000110110010000111011011001
00000111100111000111010110100111
10100000111000110011111111000101
11101111010011010111100011001011
10110111110011001010111110011111
11010010100101000100010011000000
01100000001000110001000000000110
00000001001011111100110100111101
01100010001000001110011101100000
11111100010110101001100011010001
00000011101101111110010100000111
10110111000010100011000101001110
01010000011101101111001010100011
00100000011100011100111101101010
01000011101110110010010010000000
10111110100110011100011101011010
00001000111001000111110011000000
00010011110000001110001010000000
01111000001110111011011000000000
00001111000011000000111101101111
01111010010000011000001000000001
11001000011001010010011100111001
11000101000011000000101100101001
11011010000001100100000111110110
10100100000010001010100010000000
00101111010000111100111100011100
01100010100111000000101011100100
00101110111000100100011101111100
10001110111101001110001000010111
01101001000001001111010111100111
00111000101001101011000000111100
01110011101110111000111101001100
00011010001101101111111011110011
00000111000110011110101110000001
11011100010100011011000101000011
11100100001001110011110111101001
00001010101000101110010000011110
01110010001110100001101001100011
00101010101100001100000100001100
01000101000111100101110001100000
10010011100100001010011111101111
00010001100110100111001010101001
11001110010100000100011110001111
01010000011010001100001100000000
00000111000011011110110001111000
11000101001101000100010100101000
00111001110010101011000000100111
10000000001110101101001100011110
00101100100011000011100101010101
00000011100111001110001110011010
10110000010111000001000110010000
01001111000110011110101111011110
10100011011001110010010101001001
01010101011000011100011101011110
00000111001101001010110110111000
11110100010001011100000100011100
11110010000000011111110001111011
01111110101101010001111011111001
01011001010011101110100010001001
11101101100011100011100111111100
01101001111010000100111100011000
10001100111100000111000111001111
00011000101001100010110010011000
00111011000010011100000000000011
10000010010000011111110010101001
11100101000101110010101000001001
11011101110111111001000110011010
00100100010110001001110111001011
00010101000001111111100001101001
11011000010011011010101001000111
01111110000000110000110000010000
00101001000000000011100000111111
00101111000000111010111000000110
00101001001101111011011101010000
00000001001111110100110000010001
01001010010000010111010000011011
11010010010000011100111101001110
11000110100011001000000011001101
10110111011100001100000111001000
00000101011100010100111000111110
10101100011100011101110000000010
00111000000101000111001011000001
01110000011100011101101110100101
00000001100010101010011001001001
11000110000001110011110001110001
01001100111100110001010001101101
00001101001010001111100110001110
00110010001111010110100111100101
10010101010101001110111010010000
10011111101001111111010011000101
00100011110010110001101010101110
01011000100001100010010001100100
00000101111001001001111111000010
10011100101000010100100111100000
10001100100011111010100110100101
00100111011010010001101101110011
11001001111101001110100111111010
11010001110001100100111101000000
01000111111000010100110101110100
01010111110001111100110001111000
11000001000000000001111011110100
11101100111000000110011110011111
10100101000000001001001000110010
10011101011100011101110000011010
01000000111001010100001101110101
01010011100111110100101001100010
10011111101111011011101100011001
00011101110000001110110101001110
11001110110111000001010011000110
01001000111110010100011001111000
00110100101001110111000100000001
10001110111000000100111001000111
00000110100100000001110010010001
10000000001100111000111001110010
00001110011010010000101011101111
01010011100111011010011111011010
10011110000101000110000010010011
11000000110011110110011010100101
00011000011000100100001011110010
10100011101011100100111001101010
00110110010100011111011110000111
00100111001111010001101110011010
00001010101100110000111110010100
00010010010001111010111101110011
01001101001010000000101101100101
10100011010001100010010001110010
01000000111111111110101101010010
10101100010110110011100101000101
01000101000111101100000000001010
01110110111010010000101101110000
11000011111010000100010100110011
00110010011001111001011101011110
01001111010011000101000001011000
00000010011111110111011011000100
11111111101100101101111111010010
10100001001101111011011011011100
10110011010111001010011011101111
01100011110101101001101011110111
10010000000100100111111111010010
00100011000001011000111101100110
00000100000010100111011111011010
01100001111111111001111110001000
01011011110110001011100000000010
10010000110111010101101111100100
00010101100111100010000111011011
10010111101001100000101110001000
00010100000101101111101101001100
01101100010001110100000001011000
01100010101001000101101110011000
00000111000011010111000100000111
11010100001110001010000001011101
01011010100001111101111111100111
01000111100111001111001000111100
11000001010000001011101010110111
11100111111101111111000011100011
10001111111000111110011010000110
10111010100000110000000000001001
01101101111110000011100111111111
01011000001110011010000011011101
01000100010110001001000101110001
00000110010011110110001011100000
11111111010110100111011111011010
10101101111101101111001100111100
00011111111101111101100000100110
10011011111101101010100000000011
10110000000100111100001110001110
10100100100001100101110001111111
00111010011100101101110011011011
01100111111111100011111000100001
00011011100011110010010000110000
00011111110101101001110000101110
11101101011110101001100111100001
00111100111101110111000101001000
00101111011011011000111011010011
11100111010001100011110101110011
00100000111000101001101111110110
11001011011001100110001110001001
10010011000111111111010111010000
00001111110100101001011111101101
01110110110000111001010110011010
00100011111111101111010010000010
10100100000101111011011011000000
10010001111101101001100001110000
01000110001110010110000101001101
00010111101101101000110110010110
00010011110001100000111001110001
11110111110000001010000111101110
10101101100011110010001011101010
00011111011100011011110001111111
01001010011010101101110111000100
00110011111111101001000100000111
00011101000000000111000111111110
00110100001011011100101001101101
00100001101011101010110110111000
11100100011111101111010000011010
01110000101110111011011100101010
00110011011100110000100001100011
11010111000011110100001101011101
11011011011011011101100111110110
10011000010010010011111111101101
00001100010100100111110110100110
11011111011101110001011100110000
10000001110110111111011110000010
10010101011011110010000001000111
00100000110111101100001001000001
11110100001000110001010010001101
01110101000000011100100001011011
11001000101111111110111110100001
01000010110111111101101110000110
00100000110111000100011110011110
10100011111001100001010001111101
10111110000011011010001111110111
10110001111110101001000111100110
00101111111110001101001101001101
11110101101000110001111111111000
11111000010000011111010100110100
11101111101101100101101010001110
01011010111000100011111001111010
11101101011011100110100100001101
11111101101100110001000110110110
01111000100101110001110110011000
11110101101001010101101110011011
01011100000011000101110011000100
10101011100111001110110111011110
00101000111110110100110110101000
00111000000101110011000110000011
11111111010111010010100000110111
11010000001011111111110010110110
10001000111100011000110010001001
00000111001101000111110110111010
00000010000001100010011110001011
00000111111110111101001000001100
10001010010000110111010101101111
10010000001111101101000100010111
11111101111111000001010010000110
11100010110110110000001101110101
11001100010001110001110010001111
11011110000010100101111110110101
11011010111001110010110100110100
01011100111110100100100000101000
11111011011011011011101101110010
01101110000100111101100001111001
10000011111110101101000000000000
